     0/199        0G    0.0676  0.004736   0.02553   0.09787        15       224    0.2223    0.6571    0.3105    0.1795   0.08641  0.005322   0.02431
     1/199        0G   0.05556  0.005418   0.02405   0.08503        24       224    0.2463    0.8808     0.376    0.2011   0.07991  0.005007   0.02385
     2/199        0G   0.05211  0.005036   0.02362   0.08076        19       224    0.2499    0.7497      0.36    0.1621   0.07494  0.004887   0.02318
     3/199        0G   0.05231  0.005048   0.02402   0.08138        17       224    0.2245    0.8688    0.3338    0.1624   0.07271  0.005353   0.02315
     4/199        0G   0.05175  0.004962   0.02421   0.08092        11       224    0.2685    0.5554    0.2867   0.09615   0.06056  0.005046   0.02285
     5/199        0G   0.05038  0.004845   0.02327   0.07849        22       224    0.2323    0.7718    0.3127    0.1311   0.07532    0.0053   0.02302
     6/199        0G   0.04842  0.005047   0.02338   0.07685        17       224    0.2731    0.9069     0.365    0.2241   0.07049  0.005258   0.02325
     7/199        0G   0.04818  0.004761   0.02337   0.07631        27       224    0.2798    0.8962    0.3608    0.2165   0.06727  0.005202   0.02291
     8/199        0G   0.05082   0.00443   0.02292   0.07817        12       224    0.3116     0.496     0.325    0.1585   0.07077  0.005524   0.02345
     9/199        0G   0.05809  0.004686   0.02453    0.0873        21       224    0.1489    0.3028    0.1242   0.04023   0.07964  0.006148   0.02392
    10/199        0G   0.05734  0.004895   0.02402   0.08625        17       224    0.2066    0.4397    0.2149   0.07616    0.0801  0.005881   0.02673
    11/199        0G   0.05712  0.005013   0.02402   0.08616        30       224    0.0872    0.2675   0.09079   0.02733   0.08473  0.005955   0.03253
    12/199        0G   0.05454  0.005151   0.02393   0.08362        20       224    0.1932    0.7067    0.2598    0.1184    0.0683  0.005797   0.02294
    13/199        0G    0.0519  0.005288   0.02374   0.08093        19       224    0.2095    0.6566    0.2596    0.1211   0.07116  0.005428   0.02449
    14/199        0G   0.05101  0.005337   0.02357   0.07992        21       224    0.1765    0.6841    0.2644    0.1426   0.06536  0.005693   0.02324
    15/199        0G   0.05015  0.005252   0.02367   0.07908        19       224     0.171    0.3926    0.1974   0.09736   0.06774  0.006039   0.02414
    16/199        0G   0.05012  0.005154   0.02348   0.07875        15       224    0.4599    0.5944    0.2491     0.134   0.05394  0.005432   0.02304
    17/199        0G   0.04978  0.005284   0.02357   0.07863        15       224    0.5157     0.398    0.3105     0.165   0.06093  0.005416    0.0234
    18/199        0G   0.04762  0.004978    0.0227    0.0753        18       224     0.249    0.8181    0.3474     0.196   0.06144  0.005099     0.023
    19/199        0G   0.04735  0.005117   0.02294   0.07541        24       224    0.2214    0.7317    0.3183    0.1741   0.05917  0.005452   0.02288
    20/199        0G   0.04654  0.005146   0.02272   0.07441        19       224    0.4837    0.6394    0.3562    0.2033   0.05655  0.005149   0.02285
    21/199        0G    0.0458  0.005182   0.02316   0.07414        18       224    0.1655    0.7428     0.272    0.1579   0.06144  0.005368   0.02306
    22/199        0G   0.04753  0.005277   0.02268   0.07549        27       224    0.5106    0.5588    0.3701    0.2098   0.06091  0.004856    0.0232
    23/199        0G   0.04748   0.00521   0.02336   0.07605        22       224    0.4972    0.5945    0.3782    0.1923   0.05624  0.005009   0.02304
    24/199        0G   0.04722  0.005338   0.02327   0.07583        17       224    0.2661    0.8482    0.4389    0.2668   0.04954  0.005123   0.02311
    25/199        0G   0.04458  0.005381   0.02286   0.07282        10       224    0.3105    0.8537    0.4412    0.2673   0.04768  0.005019   0.02271
    26/199        0G   0.04372  0.005104   0.02264   0.07147        28       224    0.2701    0.9201    0.4123    0.2525   0.04701  0.004894   0.02274
    27/199        0G   0.04504  0.005335   0.02295   0.07332        17       224    0.2867    0.8503    0.4369    0.2665    0.0497  0.004868   0.02322
    28/199        0G   0.04103  0.005341   0.02225   0.06862        16       224     0.278    0.8563    0.4863    0.2936    0.0446  0.004784   0.02348
    29/199        0G   0.04106  0.004966   0.02211   0.06814        23       224    0.2964    0.7482    0.3823    0.2041   0.04767  0.004976   0.02362
    30/199        0G   0.04341   0.00515   0.02275   0.07131        17       224    0.3378    0.8834    0.4902    0.2901    0.0463  0.004715   0.02332
    31/199        0G   0.04243  0.005203   0.02256   0.07019        21       224    0.3101    0.8454    0.4708    0.2878   0.04747  0.004708   0.02358
    32/199        0G   0.04141  0.005136   0.02236   0.06891        25       224    0.2957    0.8656    0.4922    0.3039   0.04163   0.00486   0.02359
    33/199        0G     0.041  0.005165   0.02241   0.06857        25       224    0.3071    0.8774    0.4686    0.2999   0.04348  0.004722   0.02332
    34/199        0G   0.04027  0.005221   0.02187   0.06736        21       224    0.3061    0.7992    0.4582    0.2936   0.04069  0.004922    0.0232
    35/199        0G   0.04031  0.005125   0.02219   0.06762        21       224     0.338    0.7079    0.5021     0.326    0.0423  0.004649   0.02315
    36/199        0G   0.04395  0.005278   0.02284   0.07207        14       224    0.2896    0.8279    0.5126    0.3356   0.04249    0.0046   0.02306
    37/199        0G   0.04102  0.005358   0.02259   0.06897        20       224    0.4044    0.6264    0.5088    0.3289   0.04141  0.004934   0.02265
    38/199        0G   0.03848  0.005301   0.02216   0.06594        16       224    0.3934    0.6916    0.5691    0.3666   0.03688  0.004834   0.02247
    39/199        0G   0.03988  0.005381   0.02219   0.06746        18       224    0.3632     0.788    0.5319     0.338   0.03826  0.004731   0.02251
    40/199        0G   0.03869  0.005582   0.02215   0.06642        13       224    0.4177    0.6939    0.5475    0.3384   0.03869  0.004565   0.02266
    41/199        0G   0.03899  0.005559   0.02228   0.06683        29       224    0.4886    0.5861    0.5466    0.3428   0.03689  0.004733   0.02229
    42/199        0G   0.03821  0.005528    0.0225   0.06624        16       224     0.299    0.8328    0.5192    0.3253   0.03849  0.004591   0.02247
    43/199        0G   0.03898  0.005639   0.02213   0.06675        16       224    0.3145     0.829    0.5636    0.3624   0.03668  0.004671   0.02217
    44/199        0G   0.03886  0.005492   0.02205    0.0664        16       224    0.3378    0.9379     0.589    0.3832   0.03827  0.004332   0.02253
    45/199        0G   0.03659   0.00565   0.02169   0.06393        16       224    0.3745    0.7669    0.5792    0.3815   0.03655  0.004531   0.02272
    46/199        0G   0.03824  0.005629   0.02177   0.06564        20       224     0.341    0.9409    0.6026    0.3875   0.03637  0.004287   0.02248
    47/199        0G   0.03678  0.005632   0.02104   0.06345        17       224    0.3966    0.9368    0.5957    0.3902   0.03832  0.004301   0.02215
    48/199        0G   0.03858   0.00552   0.02139   0.06549        17       224     0.332    0.8256     0.561    0.3723   0.03749  0.004214   0.02281
    49/199        0G   0.03824  0.005784   0.02097   0.06499        17       224    0.4607    0.7276    0.6634    0.4387   0.03825  0.004392   0.02181
    50/199        0G   0.03667  0.005524   0.02099   0.06319        20       224    0.4324    0.8305    0.6353    0.3726   0.03725  0.004235   0.02235
    51/199        0G   0.03833  0.005831   0.02083   0.06499        18       224    0.3463    0.8401    0.5876    0.3867   0.03675  0.004273    0.0229
    52/199        0G   0.03725  0.005651   0.02087   0.06378        26       224    0.4271    0.8017    0.6347    0.4217   0.03708  0.004395   0.02232
    53/199        0G   0.03557  0.005742   0.02026   0.06157        18       224     0.506    0.8291    0.6658    0.4478   0.03723  0.004147   0.02257
    54/199        0G    0.0355  0.005742    0.0201   0.06134        21       224     0.506    0.7809    0.7087     0.466   0.03611  0.004517   0.02268
    55/199        0G   0.03619  0.005476   0.01975   0.06142        27       224    0.4903    0.8462    0.7108    0.4505   0.03406  0.004197    0.0222
    56/199        0G   0.03781  0.005771    0.0207   0.06428        19       224    0.4745    0.9223    0.7202    0.4599   0.03414  0.004071   0.02161
    57/199        0G   0.03482  0.005799   0.01991   0.06053        28       224    0.5401    0.8785    0.7833    0.5161   0.03443  0.004159   0.02134
    58/199        0G   0.03555  0.005867   0.01933   0.06074        11       224     0.542    0.8719    0.7949     0.531   0.03515  0.004173   0.02134
    59/199        0G   0.03596  0.005826   0.01959   0.06138        16       224    0.5483    0.8763    0.7839    0.5262    0.0357  0.003956   0.02159
    60/199        0G   0.03589  0.005815   0.01983   0.06154        14       224    0.7609    0.6384    0.8024    0.5389   0.03476  0.003902   0.02211
    61/199        0G   0.03539  0.005629   0.01911   0.06013        28       224    0.5773    0.9081    0.8115    0.5561   0.03439  0.004153   0.02114
    62/199        0G   0.03618    0.0055   0.01904   0.06072        28       224    0.5785    0.8929    0.7866    0.5051   0.03778  0.003918   0.02202
    63/199        0G   0.03447  0.005624    0.0188    0.0589        18       224    0.6092    0.7575    0.8003    0.5431   0.03348  0.003916   0.02331
    64/199        0G   0.03545  0.005729   0.01905   0.06023        18       224    0.5663    0.8511    0.8012     0.519    0.0323   0.00401   0.02226
    65/199        0G   0.03618  0.005658   0.01913   0.06097        22       224    0.7196    0.6973    0.8159    0.5594   0.03194  0.003999   0.02157
    66/199        0G   0.03485  0.005683   0.01868   0.05921        19       224    0.8797    0.5556    0.8061    0.5641   0.03188   0.00401   0.02239
    67/199        0G   0.03484  0.005676   0.01858   0.05909        18       224    0.7794    0.5824    0.7825    0.5334   0.03319  0.003852   0.02268
    68/199        0G   0.03372  0.005708   0.01837    0.0578        20       224    0.4804    0.9704    0.7901    0.5538   0.03418  0.003914    0.0223
    69/199        0G   0.03447  0.005559   0.01816   0.05819        12       224    0.5476     0.855    0.7668    0.5215   0.03213  0.003883   0.02285
    70/199        0G   0.03434  0.005573   0.01818    0.0581        18       224    0.7188    0.7744    0.8053    0.5263   0.03263  0.004048   0.02223
    71/199        0G   0.03501  0.005792   0.01824   0.05905        15       224    0.6777    0.7729    0.8267    0.5231   0.03437  0.003933   0.02196
    72/199        0G   0.03304  0.005466   0.01745   0.05595        18       224    0.7469    0.7745    0.8244    0.5763    0.0337  0.003935    0.0223
    73/199        0G   0.03344  0.005666   0.01751   0.05661        18       224    0.8188      0.71    0.8312    0.5791    0.0331  0.003854   0.02162
    74/199        0G    0.0343  0.005707    0.0178   0.05781        28       224    0.7753    0.7482    0.8275    0.5601   0.03557  0.003798   0.02167
    75/199        0G   0.03261  0.005779   0.01746   0.05584        14       224    0.7467    0.8021    0.8544    0.5949    0.0333  0.004056    0.0207
    76/199        0G   0.03306  0.005648   0.01736   0.05607        18       224    0.8364     0.755    0.8602    0.5986    0.0339  0.003821   0.02164
    77/199        0G   0.03454  0.005607    0.0177   0.05785        21       224    0.8359    0.7226    0.8436    0.5841   0.03293  0.003936   0.02135
    78/199        0G   0.03238  0.005604    0.0175   0.05549        27       224     0.839    0.7653    0.8659    0.5867   0.03386  0.003832   0.02159
    79/199        0G   0.03257  0.005754    0.0173   0.05563        16       224    0.8776    0.7363    0.8626    0.5831   0.03284  0.003895   0.02183
    80/199        0G   0.03324  0.005458   0.01749   0.05619        20       224     0.843    0.7793    0.8408    0.5698    0.0303  0.004005   0.02206
    81/199        0G   0.03221  0.005669   0.01743   0.05531        11       224    0.8611    0.7633    0.8566    0.6005   0.03093  0.003857   0.02117
    82/199        0G   0.03375  0.005645   0.01727   0.05667        23       224    0.8635    0.7088    0.8616     0.574   0.03267  0.003841   0.02117
    83/199        0G   0.03374  0.005599   0.01759   0.05693        23       224    0.9195    0.7283    0.8889    0.5986   0.03538  0.003766   0.02068
    84/199        0G   0.03198  0.005721   0.01729   0.05499        16       224    0.8914    0.7333    0.8801    0.6159   0.03443  0.003742   0.02118
    85/199        0G   0.03285  0.005678   0.01714   0.05567        20       224    0.8301    0.7223    0.8459    0.5783    0.0319  0.003911   0.02204
    86/199        0G    0.0329  0.005596   0.01716   0.05566        22       224    0.9339    0.7703    0.8999    0.6053   0.03313  0.003767    0.0206
    87/199        0G   0.03164   0.00549   0.01662   0.05375        13       224    0.8628    0.7233    0.8856    0.6234   0.03312  0.003786   0.02157
    88/199        0G   0.03293  0.005483   0.01669    0.0551        16       224    0.8892    0.7871    0.8931    0.6276   0.03257  0.003907   0.02093
    89/199        0G   0.03381  0.005565   0.01674   0.05611        19       224     0.854    0.8102    0.8866    0.6177   0.03326  0.003824   0.02041
    90/199        0G   0.03143  0.005319   0.01687   0.05362        17       224    0.8224    0.8093    0.8823    0.6094   0.03419  0.003864   0.02161
    91/199        0G   0.03237  0.005252   0.01655   0.05418        20       224    0.8589     0.758    0.8755     0.624    0.0347  0.003995   0.02058
    92/199        0G   0.03118  0.005482   0.01596   0.05262        14       224    0.8292    0.7597    0.8771    0.6019   0.03402  0.003802   0.02142
    93/199        0G   0.03169  0.005488    0.0166   0.05378        31       224    0.8666    0.8433    0.9084    0.6489   0.03398  0.003854   0.02022
    94/199        0G   0.03126  0.005284   0.01631   0.05285        12       224    0.8222    0.8128     0.893    0.6363   0.03431  0.003842   0.02145
    95/199        0G   0.03128  0.005479   0.01588   0.05263        20       224    0.8076    0.8077    0.8892    0.6241   0.03503  0.003896   0.02204
    96/199        0G   0.03144  0.005375   0.01679    0.0536        24       224    0.7773    0.8896    0.9031    0.6276   0.03535  0.003835   0.02082
    97/199        0G   0.03149  0.005544   0.01632   0.05336        24       224    0.8282    0.8148    0.8908    0.6257   0.03637  0.003829   0.02059
    98/199        0G   0.03022  0.005174   0.01579   0.05119        15       224    0.8492    0.8443    0.8932    0.6337   0.03849   0.00384   0.02031
    99/199        0G   0.03103  0.005351   0.01571   0.05209        20       224    0.8351    0.7907    0.8816    0.6256   0.03778  0.003867   0.02078
   100/199        0G   0.03166  0.005287   0.01608   0.05303        16       224      0.87    0.8354     0.917    0.6543   0.03592  0.003895   0.02109
   101/199        0G   0.03119  0.005227   0.01563   0.05205        22       224    0.8294    0.8278    0.9163    0.6597   0.03579  0.003926   0.02073
   102/199        0G   0.03006   0.00539   0.01592   0.05137        14       224    0.8612    0.8349    0.9041    0.6529   0.03453  0.003991   0.02041
   103/199        0G   0.03108  0.005348   0.01626    0.0527        19       224    0.8736    0.8098    0.9037    0.6508    0.0346  0.004064   0.01996
   104/199        0G   0.03137  0.005243   0.01606   0.05268        20       224    0.8758    0.8355    0.9045    0.6559   0.03598   0.00397   0.01987
   105/199        0G   0.03076  0.005104   0.01546   0.05132        21       224    0.8763    0.8402    0.8991    0.6532   0.03785  0.004035   0.02017
   106/199        0G   0.03107  0.005035   0.01584   0.05195        14       224     0.849     0.837    0.8932    0.6388   0.03679  0.004054   0.02084
   107/199        0G    0.0297  0.005069   0.01512   0.04989        16       224    0.8858    0.8577    0.9037    0.6515   0.03741  0.004047   0.01994
   108/199        0G   0.02977  0.005131   0.01528   0.05018        21       224    0.8814    0.8752    0.9124    0.6455   0.03645  0.004085   0.01956
   109/199        0G   0.03037  0.005269   0.01542   0.05106        19       224    0.8951    0.8936    0.9355    0.6748   0.03605  0.003966    0.0197
   110/199        0G   0.03081  0.005141   0.01514    0.0511        24       224    0.8653    0.8691    0.9107    0.6605   0.03645  0.004039    0.0197
   111/199        0G   0.03031  0.005281   0.01546   0.05105        20       224     0.833    0.8389    0.8955    0.6302   0.03641  0.004363    0.0199
   112/199        0G   0.02975  0.004973   0.01513   0.04985        17       224    0.8536    0.8678     0.901    0.6381    0.0366  0.004539   0.01883
   113/199        0G   0.02959  0.005197    0.0152   0.04999        17       224    0.8503    0.8026     0.887    0.6168   0.03666  0.004417   0.01944
   114/199        0G   0.03028  0.005093   0.01495   0.05032        24       224    0.8891    0.8153     0.886    0.6325    0.0368   0.00422   0.01954
   115/199        0G   0.03013  0.005217   0.01508   0.05042         8       224    0.8861    0.8188     0.904     0.659   0.03815  0.004362   0.01944
   116/199        0G    0.0295  0.005159   0.01572   0.05038        16       224    0.8818    0.8296    0.9069    0.6566   0.03663  0.004313   0.01958
   117/199        0G   0.03012  0.005018   0.01515   0.05029         9       224    0.8844     0.834    0.9092    0.6477   0.03452  0.004341    0.0196
   118/199        0G   0.02929  0.005131   0.01526   0.04968        15       224     0.842    0.8674    0.9142    0.6625   0.03423  0.004452   0.01956
   119/199        0G   0.02946  0.005024   0.01487   0.04935        21       224    0.8573    0.8647    0.9039    0.6436   0.03367  0.004427   0.01987
   120/199        0G   0.02874  0.005177   0.01427   0.04819        11       224    0.8829    0.8378    0.8995    0.6623   0.03218  0.004208    0.0202
   121/199        0G   0.02878  0.005118   0.01463   0.04854        16       224     0.885    0.8465    0.9071    0.6665   0.03176  0.004522    0.0198
   122/199        0G   0.02955  0.005089   0.01537   0.05001        17       224    0.8965    0.8703    0.9118     0.662   0.03231  0.004635   0.01896
   123/199        0G   0.02901  0.005101   0.01476   0.04887        19       224    0.8768    0.8448    0.9027    0.6589   0.03304  0.004477   0.01939
   124/199        0G   0.03034  0.005094   0.01507   0.05051        11       224    0.9028    0.8585    0.9039    0.6618   0.03355  0.004526   0.01906
   125/199        0G   0.02812  0.004856   0.01442   0.04739        24       224    0.8688    0.8538    0.8933    0.6515   0.03455  0.004325   0.01985
   126/199        0G   0.02979  0.005057   0.01453   0.04937        20       224    0.8765    0.8727    0.9112    0.6629   0.03454  0.004405   0.02017
   127/199        0G   0.02963  0.005083   0.01517   0.04989        15       224    0.9011    0.8694    0.9136    0.6507   0.03486  0.004539   0.01973
   128/199        0G   0.02813  0.004884   0.01439    0.0474        20       224    0.8704    0.8787    0.9124    0.6645   0.03474  0.004542   0.01919
   129/199        0G   0.02918  0.005076   0.01461   0.04886        18       224    0.8988    0.8726    0.9146    0.6602    0.0352  0.004439   0.01921
   130/199        0G   0.02937  0.004953   0.01473   0.04905        20       224     0.895    0.8748    0.9203    0.6702     0.035  0.004564     0.019
   131/199        0G   0.02832  0.004954   0.01371   0.04699        18       224    0.9064    0.8811     0.929    0.6791   0.03542  0.004605   0.01914
   132/199        0G   0.02977   0.00493   0.01371   0.04841        27       224    0.9237    0.8673    0.9323    0.6585   0.03653  0.004809   0.01871
   133/199        0G   0.02848  0.004787   0.01434    0.0476        15       224    0.9194    0.8589    0.9345    0.6797   0.03484  0.004671   0.01848
   134/199        0G   0.02842  0.004921   0.01398   0.04732        27       224    0.9371    0.8483    0.9349    0.6872   0.03393  0.004393   0.01953
   135/199        0G   0.02911  0.004899   0.01443   0.04844        19       224    0.9415    0.8391    0.9366    0.6811   0.03521  0.004629   0.01942
   136/199        0G   0.02828    0.0049   0.01436   0.04754        19       224    0.8926    0.8917    0.9353    0.6942   0.03495  0.004365   0.01912
   137/199        0G   0.02911  0.004924   0.01462   0.04865        22       224    0.9167    0.8732    0.9304     0.687    0.0346  0.004566   0.01919
   138/199        0G    0.0286  0.005069   0.01391   0.04758        22       224    0.9267    0.8879    0.9362    0.6857   0.03515   0.00466   0.01887
   139/199        0G   0.02691  0.004871   0.01357   0.04535        15       224     0.927    0.8666    0.9338    0.6721   0.03529  0.004541    0.0197
   140/199        0G   0.02885  0.004817   0.01394    0.0476        12       224    0.9166    0.8594    0.9323    0.6805   0.03478  0.004657   0.01921
   141/199        0G   0.02869   0.00496   0.01426   0.04791        23       224    0.9085    0.8768    0.9247    0.6668   0.03597  0.004633   0.01878
   142/199        0G   0.02771  0.004918   0.01412   0.04675        17       224    0.8873    0.8965    0.9328    0.6781   0.03519  0.004455   0.01926
   143/199        0G   0.02792  0.004739    0.0136   0.04626        21       224    0.9192     0.844    0.9296    0.6792   0.03432  0.004601   0.01927
   144/199        0G   0.02828    0.0049   0.01417   0.04735        23       224    0.9231     0.856    0.9254    0.6809   0.03363  0.004564   0.01943
   145/199        0G    0.0276  0.004737   0.01389   0.04623        21       224    0.9353    0.8551    0.9329     0.686   0.03382   0.00454   0.01933
   146/199        0G   0.02812  0.004833   0.01423   0.04718        22       224    0.8772    0.8672    0.9227    0.6735   0.03421  0.004671   0.01915
   147/199        0G   0.02762  0.004845   0.01418   0.04664        12       224    0.8539     0.907     0.927    0.6827   0.03404  0.004685   0.01873
   148/199        0G   0.02727  0.004871   0.01359   0.04574        18       224    0.8664    0.9122    0.9267    0.6773   0.03401  0.004744   0.01874
   149/199        0G   0.02802  0.004924   0.01373   0.04667        13       224    0.9091    0.8718    0.9279    0.6736   0.03378   0.00482   0.01852
   150/199        0G   0.02782  0.004888   0.01354   0.04625        22       224    0.8829    0.8694    0.9268    0.6661   0.03415  0.004757   0.01881
   151/199        0G   0.02778  0.004784   0.01382   0.04639        21       224    0.8903    0.8665    0.9289    0.6711   0.03423  0.004647   0.01932
   152/199        0G   0.02771  0.004741   0.01389   0.04633        15       224    0.9381    0.8604    0.9302    0.6768   0.03394  0.004674   0.01895
   153/199        0G   0.02754  0.004883    0.0137   0.04612        17       224    0.8967    0.8835    0.9263    0.6745   0.03383  0.004716   0.01878
   154/199        0G   0.02763  0.004964   0.01383   0.04642        15       224     0.918    0.8641    0.9347    0.6842   0.03375  0.004788   0.01877
   155/199        0G   0.02727  0.004665   0.01352   0.04546        23       224    0.9322     0.882    0.9391    0.6822   0.03433  0.004749   0.01835
   156/199        0G   0.02736  0.004708   0.01344   0.04551        25       224    0.8622    0.9085    0.9397    0.6812    0.0345  0.004721   0.01869
   157/199        0G    0.0269  0.004827   0.01392   0.04565        13       224    0.8912    0.9002    0.9251     0.674   0.03428  0.004693   0.01872
   158/199        0G    0.0267  0.004763   0.01317   0.04463        21       224    0.8992    0.8797    0.9285    0.6779   0.03375  0.004771   0.01899
   159/199        0G   0.02689  0.004838   0.01364   0.04537        17       224    0.8937    0.8724    0.9144    0.6603   0.03403  0.004915    0.0189
   160/199        0G   0.02716  0.004748   0.01344   0.04535        13       224    0.8844     0.895    0.9199    0.6766   0.03395    0.0051   0.01869
   161/199        0G   0.02777  0.004753   0.01393   0.04645        28       224    0.8906    0.8835    0.9158    0.6762   0.03364  0.005095   0.01823
   162/199        0G   0.02642  0.004721   0.01346   0.04459        20       224    0.8826     0.883    0.9153    0.6751    0.0336  0.004972   0.01856
   163/199        0G   0.02712  0.004733   0.01358   0.04543        17       224    0.9418    0.8555    0.9236    0.6727   0.03364  0.004877   0.01873
   164/199        0G   0.02746  0.004774   0.01352   0.04575         8       224    0.9278    0.8348    0.9192    0.6754    0.0333   0.00488   0.01929
   165/199        0G   0.02724  0.004671    0.0133   0.04521        28       224    0.8881    0.8846    0.9219    0.6667   0.03379  0.004797   0.01925
   166/199        0G   0.02656  0.004803   0.01325   0.04461        22       224    0.9011    0.8674    0.9316    0.6885   0.03345   0.00483   0.01942
   167/199        0G   0.02637  0.004483   0.01263   0.04348        21       224    0.8836    0.8645    0.9316     0.683   0.03401  0.005014   0.01918
   168/199        0G   0.02645  0.004633    0.0132   0.04428        15       224     0.861    0.9057    0.9293      0.68   0.03386  0.004833   0.01899
   169/199        0G   0.02724  0.004728   0.01389   0.04586        25       224    0.8291    0.9205    0.9218     0.671   0.03388  0.004834   0.01894
   170/199        0G    0.0273  0.004555   0.01303   0.04488        20       224    0.8516    0.9124    0.9335    0.6769   0.03419  0.004743   0.01876
   171/199        0G   0.02709  0.004484   0.01304   0.04461        10       224    0.8845    0.9103    0.9279    0.6755   0.03487   0.00467   0.01878
   172/199        0G   0.02526  0.004485   0.01233   0.04208        29       224    0.8896    0.8928    0.9265    0.6717   0.03455  0.004765   0.01871
   173/199        0G   0.02626  0.004656   0.01281   0.04373        20       224     0.909    0.8813    0.9181    0.6693   0.03391  0.004835   0.01895
   174/199        0G   0.02676  0.004613   0.01322    0.0446        15       224    0.9193    0.8652    0.9087    0.6579   0.03405  0.004841   0.01927
   175/199        0G   0.02681  0.004635   0.01304   0.04448        25       224    0.8952    0.9059    0.9192    0.6714   0.03423  0.004688   0.01915
   176/199        0G   0.02587  0.004784    0.0135   0.04415        30       224    0.8892    0.8825    0.9212    0.6683   0.03447  0.004674   0.01903
   177/199        0G   0.02639  0.004677   0.01287   0.04394        17       224    0.8871    0.9072    0.9188    0.6726   0.03417  0.004705   0.01889
   178/199        0G    0.0268  0.004548   0.01298   0.04433        16       224    0.8843    0.9116    0.9161    0.6656   0.03473  0.004885   0.01848
   179/199        0G   0.02666  0.004654   0.01343   0.04474        28       224    0.9028    0.8845     0.916    0.6679   0.03481  0.004886   0.01837
   180/199        0G   0.02735    0.0047   0.01303   0.04508        18       224    0.8811    0.9068    0.9205    0.6675   0.03464  0.004864   0.01838
   181/199        0G    0.0262  0.004492   0.01266   0.04335        20       224    0.8909     0.897     0.919    0.6654   0.03454  0.004777   0.01891
   182/199        0G   0.02634   0.00467   0.01311   0.04412        21       224    0.8832     0.907    0.9217    0.6727   0.03453  0.004832   0.01889
   183/199        0G   0.02619  0.004737   0.01293   0.04385        16       224    0.9436    0.8656    0.9228    0.6711   0.03466  0.004827    0.0188
   184/199        0G   0.02624  0.004661   0.01278   0.04368        28       224    0.9229    0.8669    0.9295     0.675   0.03394  0.004715   0.01904
   185/199        0G   0.02643  0.004479    0.0129   0.04381        24       224    0.8955    0.8892    0.9214      0.67   0.03415  0.004847   0.01885
   186/199        0G   0.02616  0.004416    0.0131   0.04367        15       224    0.9105     0.899    0.9217    0.6648   0.03441  0.005012   0.01829
   187/199        0G   0.02628  0.004606   0.01259   0.04348        16       224    0.8912    0.8987    0.9266    0.6742   0.03424  0.005044   0.01827
   188/199        0G   0.02513   0.00439   0.01224   0.04176        22       224     0.906    0.8673    0.9084    0.6771   0.03416  0.005168    0.0186
   189/199        0G   0.02678  0.004563   0.01294   0.04429        23       224    0.8988    0.8822    0.9114    0.6713   0.03432  0.005041   0.01863
   190/199        0G   0.02633  0.004503   0.01257    0.0434        23       224    0.8891    0.8875    0.9152    0.6679   0.03434  0.005064   0.01849
   191/199        0G   0.02656  0.004594     0.013   0.04415        19       224    0.8676    0.8889    0.9062    0.6769   0.03402  0.005153   0.01868
   192/199        0G   0.02619  0.004505   0.01293   0.04363        17       224    0.9156    0.8692    0.9294    0.6914   0.03419   0.00504   0.01836
   193/199        0G   0.02657  0.004442   0.01254   0.04355        19       224    0.8962     0.867    0.9249    0.6819   0.03432  0.005053   0.01844
   194/199        0G   0.02491  0.004498   0.01204   0.04144        20       224    0.8704    0.9005    0.9221    0.6762   0.03423  0.005162   0.01858
   195/199        0G   0.02679  0.004644   0.01309   0.04453        19       224    0.9101    0.8672    0.9291    0.6886   0.03405  0.005074   0.01879
   196/199        0G   0.02642   0.00469   0.01316   0.04427        17       224    0.8708    0.8965    0.9303    0.6907   0.03386  0.005085   0.01872
   197/199        0G   0.02672  0.004623   0.01305   0.04439        20       224    0.9099    0.8991    0.9383    0.6969   0.03393  0.004844   0.01835
   198/199        0G   0.02654  0.004616    0.0128   0.04396        19       224    0.9177    0.8923    0.9345    0.6973   0.03416  0.004835   0.01813
   199/199        0G   0.02605  0.004682   0.01257    0.0433        18       224    0.8937    0.9007    0.9302    0.6865   0.03392  0.004899   0.01841
