      0/99        0G   0.07268  0.004503   0.02655    0.1037        24       224    0.1944    0.4086    0.2189   0.09809   0.09267  0.005268   0.02527
      1/99        0G   0.05727  0.005931   0.02554   0.08875        16       224    0.2347    0.8589    0.3796    0.1266   0.07832  0.005576   0.02421
      2/99        0G   0.05069  0.005725   0.02508    0.0815        23       224    0.2806    0.7122    0.4417    0.2228    0.0617  0.005569   0.02349
      3/99        0G   0.04986  0.005409   0.02504   0.08031        24       224    0.2166    0.8809    0.3791    0.1338   0.06068  0.005283    0.0232
      4/99        0G   0.05433  0.004879   0.02456   0.08377        15       224    0.2493    0.9706     0.408    0.2708   0.06449  0.005285   0.02366
      5/99        0G   0.05054  0.004871   0.02462   0.08002        16       224    0.3012    0.7015     0.436    0.2988   0.06186  0.005157    0.0232
      6/99        0G   0.04823  0.004901   0.02475   0.07788        15       224    0.2738    0.9699    0.4293     0.261   0.06318  0.005319   0.02296
      7/99        0G   0.04297  0.004874   0.02396    0.0718        24       224    0.2634    0.9772    0.4286    0.2704    0.0668  0.004888   0.02307
      8/99        0G   0.04221  0.005021   0.02455   0.07178        31       224     0.274    0.9846     0.423    0.2296   0.05419  0.005006   0.02298
      9/99        0G    0.0434  0.004857   0.02469   0.07294        18       224    0.2751    0.9276    0.4361     0.235   0.05914  0.004967   0.02293
     10/99        0G   0.04147  0.004968   0.02477    0.0712        14       224    0.3348    0.9001    0.4526    0.2691   0.05508  0.005052   0.02296
     11/99        0G   0.04008  0.005247   0.02469   0.07001        13       224    0.3453    0.8606    0.4752    0.3124   0.05148   0.00506    0.0232
     12/99        0G   0.03809  0.005226   0.02459    0.0679        16       224    0.3415    0.8892    0.4759    0.3458   0.06055  0.004823   0.02285
     13/99        0G    0.0359  0.004994   0.02433   0.06523        18       224     0.395     0.768    0.5471    0.3757   0.06151  0.004787   0.02248
     14/99        0G   0.03695   0.00536   0.02433   0.06664        22       224    0.5008    0.7923    0.6357    0.4222   0.04927  0.005013   0.02188
     15/99        0G   0.03632  0.005315   0.02362   0.06525        23       224    0.6375    0.8111    0.7015    0.4592   0.04659   0.00502   0.02107
     16/99        0G   0.03688  0.004996   0.02311   0.06498        18       224    0.5855     0.816    0.7147    0.4453   0.05178  0.004809   0.02078
     17/99        0G   0.03669  0.005358    0.0225   0.06455        32       224    0.5638     0.931    0.7497    0.4857   0.04768  0.005187   0.01998
     18/99        0G   0.03513  0.005104   0.02171   0.06194        17       224     0.561    0.9044    0.7414    0.5042   0.04361    0.0052   0.01962
     19/99        0G   0.03495  0.005141   0.02103   0.06112        19       224    0.6349    0.9071     0.747    0.4774   0.04189  0.005045    0.0201
     20/99        0G   0.03454  0.005242   0.02073   0.06051        10       224     0.564    0.9523    0.7842    0.5208   0.03959  0.005119   0.01945
     21/99        0G   0.03325  0.005282    0.0205   0.05903        14       224    0.6056    0.9098    0.8281    0.5566   0.04248  0.004965   0.01914
     22/99        0G   0.03258  0.005084   0.01992   0.05758        15       224    0.6171    0.8887    0.7945     0.562    0.0404  0.004897   0.01897
     23/99        0G   0.03275  0.004924   0.01944   0.05712        19       224    0.6387    0.8889     0.868    0.5747   0.04695  0.004896   0.01852
     24/99        0G   0.03169  0.004985    0.0182   0.05487        21       224    0.7726    0.8547    0.9107    0.6386   0.04683  0.004779   0.01788
     25/99        0G   0.03166  0.004855   0.01795   0.05447        19       224    0.7532    0.9112    0.9273    0.6503   0.04703  0.004646   0.01801
     26/99        0G   0.03122  0.004749   0.01709   0.05306        15       224    0.7822    0.8533    0.9268    0.6754   0.04705  0.004517   0.01749
     27/99        0G   0.03087  0.004609   0.01644   0.05192        18       224    0.8605    0.8869    0.9183      0.66   0.04771  0.004437   0.01742
     28/99        0G   0.03016    0.0046    0.0156   0.05036        18       224    0.8804    0.8842    0.9155    0.6161   0.04533  0.004481   0.01724
     29/99        0G   0.02959  0.004428   0.01495   0.04898        10       224     0.901    0.8937    0.9419    0.6583   0.04478   0.00447   0.01652
     30/99        0G   0.02964  0.004413   0.01425    0.0483        18       224    0.8533    0.8782    0.9126    0.6365   0.04561  0.004416   0.01713
     31/99        0G    0.0305  0.004434   0.01463   0.04956        23       224    0.8671    0.9041    0.9263    0.6528   0.04287  0.004522   0.01677
     32/99        0G   0.02915  0.004384   0.01386    0.0474        11       224    0.9067    0.8901    0.9325    0.6754   0.04444  0.004512   0.01697
     33/99        0G   0.02954  0.004314   0.01283   0.04668        15       224     0.876     0.883    0.9377    0.6831   0.04584  0.004447   0.01672
     34/99        0G   0.02954  0.004372   0.01279   0.04671        25       224    0.8981    0.9002     0.952    0.6989   0.04416  0.004491   0.01665
     35/99        0G   0.02879  0.004243   0.01263   0.04566        24       224    0.9112     0.883     0.933    0.6701   0.04791  0.004457   0.01682
     36/99        0G   0.02979  0.004267    0.0126   0.04666        21       224    0.8834    0.8876    0.9294    0.6764   0.04599  0.004463   0.01676
     37/99        0G   0.02884  0.004192   0.01191   0.04494        20       224    0.8885    0.8854    0.9103    0.6604   0.04561   0.00443   0.01628
     38/99        0G   0.02807  0.004169   0.01132   0.04356        13       224    0.9056     0.931     0.936    0.6835   0.04458  0.004385   0.01586
     39/99        0G   0.02786  0.004215   0.01065   0.04273        12       224    0.9222    0.9151    0.9432    0.6842   0.04498  0.004484   0.01619
     40/99        0G   0.02784  0.004353   0.01087   0.04306        25       224    0.9083     0.905    0.9415    0.6737   0.04482  0.004462   0.01589
     41/99        0G   0.02807  0.004333   0.01098   0.04338        16       224    0.9071    0.8698    0.9193    0.6843   0.04266  0.004458   0.01626
     42/99        0G   0.02736  0.004261   0.01077   0.04239        17       224    0.8735    0.9163    0.9347     0.685   0.04391   0.00445   0.01608
     43/99        0G   0.02721  0.004161   0.01004   0.04141        16       224    0.8555    0.9044    0.9321    0.6835   0.03972  0.004538   0.01632
     44/99        0G   0.02724  0.004207   0.01003   0.04148        18       224    0.8843    0.9176    0.9347     0.695    0.0398  0.004523   0.01593
     45/99        0G   0.02632  0.004097  0.009689   0.04011        21       224    0.8812    0.8913    0.9149    0.6678   0.03927  0.004506   0.01569
     46/99        0G   0.02663  0.004148  0.009424    0.0402        20       224    0.8736    0.8942    0.9207    0.6815   0.03936   0.00449   0.01566
     47/99        0G   0.02605  0.004097  0.008931   0.03908        17       224    0.8711    0.9066    0.9225    0.6773   0.04019  0.004534   0.01604
     48/99        0G   0.02744  0.004178  0.009149   0.04076        20       224    0.8592    0.9335    0.9319    0.6931    0.0398   0.00451   0.01576
     49/99        0G    0.0263  0.003968  0.008874   0.03914        15       224    0.8927    0.9197    0.9165    0.6818   0.03911  0.004498   0.01557
     50/99        0G   0.02617   0.00402  0.008755   0.03895        19       224    0.8816     0.914      0.93    0.6897   0.04098  0.004469   0.01556
     51/99        0G   0.02571  0.003977  0.008826   0.03851        17       224    0.8994    0.9401     0.938    0.6856   0.04205  0.004461   0.01421
     52/99        0G   0.02611  0.004037  0.008117   0.03826        26       224    0.8822    0.9243    0.9246    0.6831   0.04158  0.004494   0.01478
     53/99        0G    0.0251   0.00386  0.008089   0.03705        16       224    0.8693    0.9086    0.9046    0.6671   0.04023  0.004559   0.01543
     54/99        0G   0.02522  0.003821  0.008023   0.03707        19       224     0.871    0.9229    0.9239    0.6706    0.0387  0.004692    0.0148
     55/99        0G   0.02541  0.003905  0.007624   0.03694        19       224    0.8993    0.8845    0.9131    0.6838   0.03707  0.004643    0.0148
     56/99        0G   0.02533  0.003931  0.007727   0.03699        21       224     0.877    0.8251    0.8921    0.6598   0.03793  0.004678   0.01537
     57/99        0G   0.02512  0.004029  0.007512   0.03667        22       224    0.9007    0.8908    0.9086    0.6792   0.03744  0.004747   0.01525
     58/99        0G   0.02555  0.003919  0.008091   0.03756        18       224    0.8834    0.9097    0.9278    0.6988   0.03482  0.004783   0.01539
     59/99        0G   0.02506  0.003982  0.007467   0.03651        23       224    0.8926    0.8661    0.9059    0.6615   0.03936  0.004692   0.01492
     60/99        0G   0.02487  0.003866  0.008127   0.03686        15       224    0.8847     0.886    0.9091    0.6837   0.04002  0.004563     0.015
     61/99        0G   0.02417  0.003763  0.007351   0.03528        20       224    0.8959    0.8862     0.915    0.6917   0.03635  0.004677   0.01477
     62/99        0G   0.02431  0.003674  0.007053   0.03504        25       224    0.8436    0.9308    0.9205     0.686    0.0347  0.004632    0.0147
     63/99        0G   0.02425  0.003813  0.006901   0.03496        19       224    0.8793    0.8827    0.8982    0.6888   0.03569  0.004708   0.01463
     64/99        0G   0.02406  0.003881   0.00707   0.03501        28       224    0.8719    0.8624    0.8995    0.6763   0.03654  0.004757   0.01477
     65/99        0G   0.02351  0.003847  0.006835    0.0342        12       224    0.8499    0.8869    0.8924    0.6852   0.03656  0.004715   0.01514
     66/99        0G    0.0244  0.003894  0.006681   0.03497        23       224    0.8788    0.8933    0.9285    0.7001   0.03674  0.004694   0.01476
     67/99        0G   0.02398  0.003634  0.006459   0.03408        23       224    0.8701     0.909    0.9295    0.6985   0.03608  0.004722   0.01497
     68/99        0G   0.02349  0.003639  0.006709   0.03384        14       224    0.8935    0.9091     0.935    0.7008    0.0361  0.004701   0.01418
     69/99        0G   0.02271  0.003664  0.006305   0.03267        12       224    0.8872    0.9124    0.9224    0.6926   0.03677  0.004663   0.01445
     70/99        0G    0.0233  0.003656  0.006146   0.03311        13       224    0.8838    0.9112    0.9128    0.6798   0.03448  0.004807   0.01402
     71/99        0G   0.02293  0.003675  0.005847   0.03245        26       224    0.8891     0.916    0.9153    0.6842   0.03613  0.004718   0.01368
     72/99        0G    0.0225   0.00356  0.005781   0.03184        15       224    0.8975    0.9066    0.9204    0.6974   0.03579  0.004751    0.0139
     73/99        0G   0.02236  0.003759   0.00585   0.03197        21       224    0.8972    0.8957    0.9191    0.6867   0.03633  0.004696   0.01392
     74/99        0G   0.02222  0.003615  0.005976   0.03181        19       224    0.8871    0.9066    0.9279    0.7028   0.03665  0.004696   0.01442
     75/99        0G   0.02211  0.003548  0.005095   0.03075        17       224    0.9207    0.9076     0.922    0.6938   0.03634  0.004749    0.0143
     76/99        0G   0.02255  0.003728  0.005778   0.03205        20       224    0.9119    0.8881    0.9301     0.703    0.0353   0.00477   0.01388
     77/99        0G   0.02226  0.003548  0.005537   0.03135        24       224    0.8944    0.9066    0.9241    0.6909   0.03515  0.004727   0.01376
     78/99        0G   0.02174  0.003564  0.005425   0.03073        20       224    0.8896    0.8858    0.9218    0.6959   0.03496  0.004693   0.01415
     79/99        0G   0.02173  0.003509  0.005538   0.03078        19       224    0.8851    0.8992    0.9256     0.696   0.03547  0.004711   0.01399
     80/99        0G   0.02154  0.003675  0.005148   0.03036        15       224    0.9006    0.8992    0.9238    0.6955   0.03467  0.004695   0.01403
     81/99        0G    0.0216  0.003601  0.005083   0.03029        22       224     0.898    0.8976    0.9238    0.6947   0.03615  0.004699   0.01386
     82/99        0G   0.02111    0.0035  0.004709   0.02932        16       224    0.8951    0.9096    0.9277    0.6978   0.03663  0.004714   0.01385
     83/99        0G    0.0215  0.003497   0.00494   0.02994        14       224    0.8962    0.9073    0.9265    0.6979   0.03625  0.004681   0.01398
     84/99        0G   0.02113  0.003509  0.004517   0.02915        16       224    0.9061    0.9073    0.9263    0.6993   0.03467  0.004712   0.01381
     85/99        0G   0.02148  0.003615  0.004703    0.0298        12       224      0.89    0.8985    0.9353    0.7063   0.03315  0.004733   0.01415
     86/99        0G   0.02113  0.003588  0.004742   0.02946        24       224    0.8647    0.8985    0.9309    0.6941   0.03382  0.004726   0.01409
     87/99        0G   0.02126   0.00344   0.00496   0.02966        29       224    0.8619    0.8992    0.9295     0.692   0.03555   0.00469   0.01417
     88/99        0G   0.02067  0.003526  0.004737   0.02893        18       224    0.8797    0.8845    0.9233    0.6919   0.03568  0.004732   0.01408
     89/99        0G   0.02098  0.003476  0.004349   0.02881        24       224    0.8564    0.9189    0.9223     0.691   0.03596  0.004729   0.01387
     90/99        0G   0.02077  0.003449  0.005155   0.02937        15       224    0.8994    0.9066    0.9316    0.6936   0.03645   0.00471    0.0138
     91/99        0G   0.02066  0.003438  0.004393    0.0285        22       224    0.9001    0.8939    0.9279    0.6976   0.03631  0.004733   0.01395
     92/99        0G   0.02045  0.003452  0.004371   0.02827        15       224    0.8846    0.8993    0.9207    0.6939    0.0361  0.004753   0.01397
     93/99        0G   0.02077  0.003355  0.004431   0.02856        17       224    0.8956    0.9066    0.9236    0.6925   0.03484  0.004834    0.0138
     94/99        0G   0.02026  0.003456  0.004124   0.02784        21       224    0.8666    0.9066    0.9221    0.6957   0.03539   0.00481   0.01421
     95/99        0G   0.02001  0.003418  0.004257   0.02768        38       224     0.868    0.8991    0.9191    0.6898   0.03524  0.004778   0.01438
     96/99        0G   0.02056  0.003526  0.004428   0.02852        26       224     0.892    0.8991    0.9264    0.6932   0.03503  0.004785   0.01408
     97/99        0G   0.02003  0.003262  0.003898   0.02719        14       224    0.9374    0.8574    0.9294    0.6872   0.03561  0.004773   0.01377
     98/99        0G   0.01978  0.003368  0.003888   0.02703        22       224    0.8746    0.9117    0.9325    0.6872   0.03511  0.004815   0.01404
     99/99        0G    0.0203  0.003356  0.004126   0.02778        19       224    0.8502    0.9223    0.9285    0.6986   0.03588  0.004736   0.01435
